5085, 
3913, 
3711, 
3693, 
3589, 
4802, 
4561, 
4968, 
4336, 
4424, 
4332, 
5021, 
4220, 
5186, 
4215, 
4200, 
4165, 
4163, 
5895, 
5793, 
4013, 
5806, 
3940, 
5433, 
4974, 
3649, 
7126, 
8199, 
8200, 
6151, 
3762, 
50, 
5881, 
4522, 
7130, 
6420, 
5797, 
8441, 
8456, 
8457, 
2093, 
8547, 
8545, 
6061, 
3791, 
7184, 
8699, 
8700, 
6521, 
8701, 
3585, 
6460, 
6781, 
5194, 
5845, 
8859, 
4457, 
8854, 
8860, 
8919, 
8917, 
8918, 
9091, 
9092, 
8717, 
9097, 
9578, 
9582, 
9584, 
9580, 
9626, 
9625, 
9751, 
9769, 
9770, 
9771, 
9850, 
9851, 
9918, 
9916, 
10022, 
10073, 
10019, 
10020, 
10021, 
10026, 
10023, 
10074, 
10177, 
10201, 
10589, 
10249, 
10250, 
10301, 
10257, 
10303, 
10308, 
10457, 
10459, 
10455, 
10537, 
10540, 
10543, 
10546, 
10565, 
10564, 
10570, 
10568, 
10573, 
10586, 
10535, 
10858, 
10860, 
11387, 
11385, 
11389, 
11399, 
11406, 
11429, 
11618, 
11624, 
11621, 
11630, 
11628, 
11698, 
11700, 
11853, 
11580, 
13188, 
11855, 
11859, 
11857, 
11861, 
11863, 
12062, 
12060, 
12129, 
12134, 
11695, 
12216, 
12218, 
12220, 
12222, 
12224, 
12127, 
12312, 
12318, 
12316, 
12214, 
12311, 
12593, 
12594, 
12605, 
12597, 
12601, 
12603, 
12673, 
12665, 
12667, 
12669, 
12671, 
12675, 
12910, 
12740, 
12908, 
12912, 
12947, 
13002, 
12986, 
12984, 
13004, 
13010, 
12951, 
12943, 
12949, 
13103, 
13104, 
13102, 
13183, 
13187, 
13300, 
13290, 
13302, 
13294, 
13185, 
13296, 
13292, 
13298, 
13354, 
13390, 
13388, 
13506, 
13392, 
13394, 
13498, 
13568, 
13500, 
13564, 
13566, 
13507, 
13572, 
13570, 
13701, 
13703, 
13705, 
13574, 
13722, 
13736, 
13724, 
13726, 
13731, 
13729, 
14028, 
14193, 
14026, 
14194, 
14208, 
14031, 
14192, 
14033, 
14294, 
14391, 
14392, 
14393, 
14293, 
14394, 
14708, 
14292, 
14707, 
14709, 
14706, 
14710, 
14712, 
15055, 
14807, 
