4947, 
8215, 
0, 
11797, 
0, 
431, 
440, 
21, 
27, 
30, 
35, 
37, 
3548, 
39, 
42, 
44, 
48, 
52, 
3647, 
250, 
59, 
5103, 
3591, 
63, 
65, 
76, 
605, 
4779, 
650, 
4966, 
5427, 
382, 
243, 
8548, 
393, 
421, 
0, 
341, 
5367, 
359, 
3603, 
364, 
399, 
506, 
511, 
5992, 
3544, 
4558, 
1270, 
827, 
5340, 
748, 
904, 
4445, 
787, 
4819, 
4887, 
802, 
812, 
848, 
4780, 
866, 
890, 
3459, 
911, 
1031, 
5031, 
1064, 
1085, 
955, 
4919, 
977, 
1037, 
1043, 
1049, 
1275, 
1096, 
4809, 
1104, 
4811, 
5226, 
5218, 
5213, 
1178, 
1242, 
5252, 
1281, 
1286, 
1290, 
1294, 
1302, 
1329, 
1350, 
1363, 
1382, 
1519, 
1433, 
7179, 
1594, 
4799, 
5284, 
5279, 
5270, 
1559, 
4768, 
1575, 
1586, 
1613, 
1620, 
1624, 
1634, 
1643, 
1753, 
4954, 
1692, 
5128, 
5141, 
1717, 
1725, 
1728, 
4487, 
2778, 
1756, 
1885, 
5144, 
5146, 
5147, 
5149, 
5152, 
3740, 
3815, 
3742, 
3744, 
4752, 
3809, 
3738, 
1816, 
1819, 
3793, 
3772, 
3746, 
1822, 
1915, 
0, 
5094, 
5096, 
5097, 
5099, 
5105, 
1845, 
1856, 
5107, 
5046, 
1890, 
1894, 
1907, 
4795, 
1919, 
2416, 
1934, 
1938, 
4902, 
4908, 
4909, 
2419, 
5039, 
5030, 
5033, 
5035, 
5002, 
4911, 
1968, 
4996, 
0, 
4686, 
2100, 
1982, 
2120, 
4922, 
4924, 
4979, 
4927, 
4754, 
4944, 
4893, 
4899, 
4900, 
4897, 
2217, 
2103, 
4945, 
2107, 
3788, 
3755, 
2137, 
3587, 
4976, 
5079, 
2157, 
2161, 
2237, 
2241, 
2249, 
2298, 
3002, 
2985, 
2987, 
2991, 
2956, 
2961, 
2963, 
2971, 
2980, 
2342, 
3582, 
0, 
3594, 
3567, 
2429, 
4078, 
3080, 
2439, 
5323, 
3094, 
3076, 
5037, 
2467, 
2473, 
4000, 
2475, 
2482, 
2495, 
2499, 
4001, 
2501, 
2512, 
2524, 
8697, 
2775, 
3422, 
2617, 
2642, 
3270, 
3614, 
2649, 
5320, 
3597, 
3601, 
3598, 
2667, 
4017, 
2690, 
2938, 
2706, 
2716, 
2720, 
4060, 
3606, 
2784, 
0, 
3031, 
3041, 
3043, 
3453, 
3203, 
3230, 
3475, 
3497, 
4925, 
3410, 
3451, 
3466, 
3444, 
3446, 
3489, 
3555, 
3455, 
3456, 
3462, 
3464, 
3472, 
3640, 
3619, 
3599, 
3483, 
3487, 
3520, 
3495, 
3529, 
3621, 
3501, 
3504, 
3510, 
3513, 
3516, 
3518, 
3523, 
3525, 
3527, 
3532, 
3537, 
3546, 
3623, 
3638, 
3645, 
3651, 
3672, 
3659, 
3663, 
3666, 
3679, 
3670, 
3688, 
3675, 
3677, 
3683, 
3690, 
3692, 
3697, 
3700, 
3705, 
3706, 
3709, 
3722, 
3724, 
3726, 
3729, 
3818, 
3848, 
3822, 
3824, 
3899, 
3859, 
3836, 
3902, 
0, 
3842, 
3846, 
3878, 
3855, 
3863, 
6861, 
4005, 
3897, 
3910, 
0, 
3892, 
3894, 
3906, 
3908, 
0, 
0, 
0, 
3926, 
3927, 
3929, 
3931, 
3933, 
0, 
0, 
3958, 
3944, 
3947, 
3962, 
3969, 
0, 
0, 
3980, 
3982, 
4043, 
4015, 
4012, 
4009, 
4010, 
4011, 
3995, 
4024, 
4064, 
0, 
0, 
0, 
4036, 
4044, 
4051, 
4053, 
4056, 
4058, 
4067, 
4069, 
6413, 
4184, 
4098, 
4100, 
4103, 
4124, 
4125, 
4129, 
4131, 
4133, 
4134, 
4136, 
4147, 
4151, 
4271, 
0, 
4158, 
0, 
0, 
0, 
0, 
4217, 
4190, 
4281, 
4284, 
4254, 
4255, 
4260, 
4269, 
4273, 
10374, 
4305, 
4307, 
4310, 
4311, 
4313, 
4316, 
4321, 
4325, 
4399, 
4327, 
4334, 
4443, 
4387, 
4397, 
4401, 
4403, 
4404, 
4406, 
4412, 
4414, 
4416, 
4417, 
4420, 
4421, 
4422, 
4483, 
4432, 
4433, 
4436, 
4440, 
4519, 
4476, 
4478, 
4480, 
4481, 
4482, 
4506, 
4508, 
4509, 
4516, 
4554, 
4524, 
4543, 
4548, 
4556, 
4595, 
4603, 
4605, 
4607, 
4609, 
4612, 
4613, 
4623, 
4626, 
4628, 
4630, 
4632, 
4635, 
4641, 
4646, 
4648, 
4649, 
4651, 
4668, 
4670, 
4673, 
4674, 
4677, 
4678, 
4750, 
4682, 
4734, 
4755, 
4735, 
4736, 
4737, 
4738, 
4740, 
4741, 
4745, 
4770, 
4772, 
4797, 
4801, 
4872, 
4813, 
4816, 
4817, 
4875, 
5923, 
6491, 
5547, 
5596, 
5607, 
5625, 
5703, 
5802, 
5843, 
5856, 
5860, 
5861, 
5862, 
5885, 
5888, 
5918, 
5919, 
5922, 
5925, 
5927, 
5945, 
5947, 
5951, 
5955, 
5957, 
5959, 
5961, 
5962, 
5963, 
5964, 
5981, 
5983, 
5986, 
5995, 
6015, 
6018, 
6021, 
6408, 
6025, 
6027, 
6028, 
6030, 
6054, 
6056, 
6058, 
6063, 
6066, 
6083, 
6087, 
6092, 
6114, 
6119, 
6121, 
6144, 
6147, 
6155, 
6157, 
6176, 
6178, 
6184, 
6204, 
6206, 
6208, 
6209, 
6230, 
6232, 
6233, 
6238, 
6240, 
6244, 
6245, 
6262, 
6264, 
6268, 
6272, 
6273, 
6292, 
6295, 
6298, 
6301, 
6302, 
6303, 
6305, 
6332, 
6334, 
6337, 
6338, 
6340, 
6343, 
6345, 
6348, 
6349, 
6354, 
6356, 
6360, 
6372, 
6375, 
0, 
0, 
6378, 
6380, 
6382, 
6383, 
6385, 
6386, 
6416, 
6418, 
6425, 
6444, 
6446, 
0, 
0, 
0, 
0, 
0, 
0, 
0, 
0, 
0, 
0, 
0, 
0, 
0, 
6496, 
6499, 
6518, 
6519, 
6527, 
6529, 
6530, 
6532, 
6533, 
6534, 
6535, 
6538, 
6544, 
6563, 
6565, 
8417, 
0, 
6611, 
6617, 
6619, 
6636, 
6647, 
6650, 
6648, 
6652, 
6653, 
6654, 
6655, 
0, 
6678, 
6680, 
6693, 
6696, 
6697, 
6698, 
6702, 
6706, 
6707, 
6712, 
6714, 
6716, 
6717, 
6718, 
6720, 
0, 
0, 
0, 
0, 
0, 
0, 
0, 
0, 
0, 
0, 
0, 
0, 
0, 
0, 
0, 
6799, 
6802, 
6804, 
6808, 
6844, 
6846, 
6847, 
6858, 
6892, 
6915, 
8442, 
6917, 
6920, 
6923, 
6959, 
6962, 
6964, 
6965, 
6966, 
6968, 
6970, 
6972, 
6973, 
6977, 
6979, 
6982, 
6983, 
6999, 
7015, 
7029, 
7031, 
7047, 
7049, 
7051, 
7053, 
7057, 
7083, 
7085, 
7086, 
7087, 
7089, 
7122, 
7125, 
7136, 
7141, 
7142, 
7145, 
7146, 
7181, 
7189, 
7192, 
7197, 
0, 
0, 
0, 
0, 
0, 
0, 
0, 
0, 
0, 
7241, 
7242, 
7249, 
7251, 
7253, 
7271, 
7273, 
7274, 
7275, 
7276, 
7278, 
7280, 
7281, 
7282, 
7283, 
7353, 
7371, 
7374, 
7376, 
7378, 
7380, 
7385, 
7388, 
7389, 
7436, 
7439, 
7440, 
7442, 
7452, 
7456, 
7479, 
7495, 
7497, 
7499, 
7500, 
7503, 
7505, 
7507, 
7509, 
7514, 
7518, 
7520, 
7522, 
7567, 
7570, 
7573, 
7576, 
7581, 
7583, 
7584, 
7587, 
8411, 
7628, 
7633, 
7635, 
7636, 
7638, 
7665, 
7650, 
7663, 
7669, 
7670, 
7680, 
7701, 
7704, 
7706, 
7707, 
7718, 
7733, 
7735, 
7736, 
7743, 
7745, 
7746, 
7747, 
7748, 
7752, 
7753, 
7754, 
7755, 
7855, 
7857, 
7863, 
7868, 
7872, 
7875, 
7876, 
7877, 
7879, 
7887, 
7888, 
7897, 
7899, 
7901, 
7904, 
7908, 
7910, 
7913, 
7918, 
7934, 
7936, 
7937, 
7941, 
7944, 
7950, 
7951, 
7955, 
7956, 
7957, 
7972, 
7974, 
7976, 
7981, 
7984, 
7990, 
15061, 
0, 
8100, 
8106, 
8107, 
8110, 
8111, 
8115, 
8117, 
8119, 
8121, 
8123, 
8124, 
8125, 
8127, 
0, 
0, 
0, 
0, 
0, 
0, 
0, 
0, 
0, 
0, 
0, 
0, 
0, 
0, 
8162, 
8166, 
8167, 
8170, 
8174, 
8175, 
8178, 
8180, 
8188, 
8190, 
8192, 
8196, 
8197, 
8206, 
0, 
8254, 
8256, 
8257, 
8258, 
8260, 
8263, 
8265, 
8267, 
14977, 
8284, 
8286, 
8289, 
8290, 
8291, 
8293, 
8295, 
8299, 
8304, 
8306, 
8307, 
8329, 
8332, 
8338, 
8341, 
8344, 
8345, 
8347, 
8349, 
8355, 
8358, 
8359, 
8361, 
0, 
0, 
8404, 
8406, 
8408, 
8409, 
0, 
0, 
0, 
0, 
0, 
0, 
8434, 
8436, 
8437, 
8438, 
8440, 
8444, 
8445, 
8446, 
8448, 
8449, 
8450, 
8458, 
8460, 
8461, 
0, 
0, 
0, 
0, 
0, 
0, 
8475, 
8476, 
8477, 
8481, 
8484, 
8485, 
8486, 
8490, 
8494, 
8498, 
8499, 
8500, 
8502, 
8515, 
8528, 
8531, 
8532, 
8533, 
8535, 
8536, 
8539, 
8541, 
8542, 
8544, 
8552, 
8554, 
8556, 
0, 
0, 
0, 
0, 
0, 
8570, 
8576, 
8578, 
8584, 
8590, 
8591, 
8596, 
8599, 
8646, 
8650, 
8653, 
8656, 
8657, 
8658, 
8662, 
8669, 
8671, 
8672, 
8674, 
9074, 
0, 
0, 
0, 
0, 
0, 
0, 
8691, 
8694, 
8695, 
8703, 
8705, 
8706, 
8707, 
8710, 
8715, 
8720, 
8721, 
8724, 
0, 
0, 
0, 
0, 
0, 
0, 
8786, 
8790, 
8792, 
8794, 
8795, 
8797, 
8801, 
8803, 
8804, 
8805, 
8808, 
0, 
0, 
0, 
0, 
0, 
0, 
8828, 
8829, 
8832, 
8835, 
8838, 
8840, 
8843, 
8848, 
8850, 
8852, 
8857, 
8863, 
8880, 
8882, 
8883, 
8887, 
8891, 
8893, 
8897, 
8901, 
8905, 
8907, 
8909, 
8912, 
8913, 
8914, 
8922, 
8926, 
8928, 
8930, 
8932, 
8942, 
8945, 
8948, 
8949, 
8951, 
8952, 
8955, 
9057, 
9059, 
9061, 
9062, 
9065, 
9067, 
9069, 
9072, 
9078, 
9080, 
9085, 
9086, 
9087, 
9089, 
9093, 
9095, 
9099, 
9101, 
9103, 
9105, 
9107, 
9109, 
9111, 
9113, 
9116, 
9120, 
9122, 
9124, 
9126, 
9128, 
9130, 
9407, 
9409, 
9411, 
9414, 
9422, 
9429, 
9431, 
9434, 
9436, 
0, 
0, 
0, 
9450, 
9452, 
9457, 
9461, 
9465, 
9467, 
9469, 
9471, 
9473, 
9477, 
9479, 
9481, 
9482, 
9505, 
9507, 
9509, 
9510, 
9516, 
9517, 
9518, 
9520, 
9526, 
9528, 
9530, 
9532, 
9534, 
9538, 
9542, 
0, 
0, 
0, 
0, 
0, 
0, 
0, 
9561, 
9563, 
9565, 
9568, 
9571, 
9576, 
9588, 
9590, 
9592, 
9594, 
9597, 
9599, 
9600, 
9601, 
9604, 
9606, 
9608, 
9611, 
9613, 
9615, 
9618, 
9620, 
9623, 
9628, 
9633, 
9637, 
9639, 
9641, 
9642, 
9644, 
9646, 
9647, 
9650, 
9652, 
9654, 
9657, 
9658, 
9660, 
9662, 
0, 
9713, 
9715, 
9719, 
9721, 
9725, 
9726, 
9729, 
9730, 
9731, 
9733, 
9734, 
9738, 
9743, 
9744, 
9752, 
9757, 
9758, 
9761, 
9763, 
9765, 
9767, 
9773, 
9775, 
9848, 
9852, 
9855, 
9856, 
9859, 
9866, 
9868, 
9870, 
9872, 
9874, 
9876, 
9878, 
9880, 
9882, 
9884, 
9886, 
9888, 
9890, 
9892, 
9894, 
9895, 
9899, 
9904, 
9908, 
9911, 
9912, 
9913, 
9920, 
9921, 
9929, 
9946, 
9950, 
9953, 
9955, 
9956, 
9958, 
9959, 
9960, 
9961, 
9965, 
9967, 
9969, 
9971, 
9974, 
9975, 
9978, 
9980, 
9982, 
9984, 
9988, 
9990, 
9992, 
9994, 
10001, 
10003, 
10007, 
10009, 
10011, 
10015, 
10027, 
10030, 
10032, 
10034, 
10036, 
10039, 
10050, 
10052, 
10055, 
10058, 
10061, 
10063, 
10065, 
10067, 
10069, 
10071, 
10128, 
10148, 
10155, 
10157, 
10160, 
10168, 
10171, 
10173, 
10180, 
10182, 
10186, 
10191, 
10193, 
10194, 
10197, 
10198, 
10200, 
10204, 
10206, 
10208, 
10209, 
10211, 
10212, 
10213, 
10215, 
10217, 
10219, 
10221, 
10223, 
10225, 
10227, 
10232, 
10234, 
10238, 
10241, 
10243, 
10245, 
10267, 
10276, 
10283, 
10291, 
10293, 
10295, 
10297, 
10300, 
10304, 
10307, 
10311, 
10316, 
10318, 
10320, 
10325, 
10332, 
10333, 
10335, 
0, 
10353, 
10355, 
10356, 
10360, 
0, 
10366, 
10376, 
10380, 
10384, 
10386, 
10388, 
10390, 
10395, 
10412, 
10414, 
10416, 
10418, 
10425, 
10427, 
10432, 
10434, 
10436, 
10438, 
10443, 
10445, 
10449, 
10451, 
10453, 
10468, 
11314, 
10483, 
10486, 
10487, 
10488, 
10495, 
10497, 
10499, 
10501, 
10503, 
10505, 
10507, 
10509, 
10511, 
10516, 
10530, 
10531, 
10538, 
10549, 
10550, 
10554, 
10556, 
10558, 
10560, 
10575, 
10577, 
10579, 
10580, 
10581, 
10583, 
10585, 
10590, 
10593, 
10595, 
10597, 
10599, 
10601, 
10603, 
10606, 
10616, 
10618, 
10620, 
10623, 
10624, 
10626, 
10630, 
10699, 
10634, 
10697, 
10701, 
10703, 
10705, 
10707, 
10709, 
10711, 
10714, 
10716, 
10718, 
10720, 
10722, 
10724, 
10726, 
10815, 
10844, 
10864, 
10866, 
0, 
0, 
10875, 
10881, 
10895, 
10899, 
10900, 
10911, 
10913, 
10914, 
10916, 
10952, 
10954, 
10956, 
10958, 
10960, 
10962, 
10964, 
10966, 
10974, 
10976, 
10977, 
10986, 
10989, 
0, 
11012, 
11023, 
11024, 
11029, 
11031, 
11034, 
11036, 
11037, 
11038, 
11041, 
11043, 
11050, 
11052, 
11053, 
11063, 
11066, 
11072, 
11074, 
11075, 
11077, 
11079, 
11081, 
11084, 
11086, 
11088, 
11090, 
11092, 
11094, 
11096, 
11098, 
11100, 
14681, 
11106, 
11113, 
11128, 
11133, 
11134, 
11169, 
11172, 
11174, 
11177, 
11179, 
11182, 
11184, 
11186, 
11188, 
11190, 
11193, 
11194, 
11195, 
11197, 
11212, 
11214, 
11217, 
12882, 
11397, 
11223, 
11225, 
11227, 
11262, 
11242, 
11251, 
11253, 
11264, 
11267, 
11269, 
11271, 
11273, 
11275, 
11293, 
11295, 
11296, 
11298, 
11320, 
11322, 
11324, 
11326, 
11329, 
11333, 
11335, 
11336, 
11339, 
11340, 
11341, 
11350, 
11353, 
11355, 
0, 
11370, 
11373, 
11375, 
11391, 
11411, 
11412, 
11418, 
11427, 
11432, 
11434, 
11435, 
11436, 
11438, 
11443, 
11445, 
11447, 
11449, 
11459, 
11461, 
11463, 
11465, 
11467, 
11469, 
11471, 
11473, 
11475, 
11482, 
11485, 
11510, 
11516, 
11517, 
11518, 
11519, 
11522, 
11524, 
11525, 
11526, 
11541, 
11565, 
11572, 
11573, 
11578, 
11582, 
11587, 
11589, 
11591, 
11593, 
11596, 
11598, 
11600, 
11602, 
11604, 
11607, 
11608, 
11625, 
11636, 
11648, 
11653, 
11655, 
11658, 
11663, 
11665, 
11679, 
11680, 
11681, 
11688, 
11689, 
11694, 
11702, 
11704, 
11706, 
11708, 
11710, 
11712, 
11714, 
11716, 
13693, 
11721, 
11723, 
11730, 
11737, 
11738, 
11740, 
11741, 
11774, 
11777, 
11786, 
11788, 
11790, 
11792, 
11794, 
11798, 
11802, 
11804, 
11806, 
11809, 
11811, 
11813, 
11815, 
11817, 
11819, 
11832, 
11833, 
11836, 
11837, 
11843, 
11849, 
11865, 
11873, 
11874, 
11877, 
0, 
0, 
11888, 
0, 
11905, 
11907, 
11909, 
11913, 
11917, 
11918, 
0, 
0, 
0, 
0, 
0, 
11982, 
0, 
11987, 
11989, 
11992, 
11994, 
12022, 
0, 
0, 
12054, 
12059, 
12066, 
12074, 
12079, 
12081, 
12082, 
12125, 
12152, 
12156, 
12158, 
12208, 
12241, 
12243, 
12245, 
12247, 
12249, 
12251, 
12253, 
12255, 
12260, 
12262, 
12267, 
12270, 
12272, 
12276, 
12278, 
12282, 
12283, 
12284, 
12285, 
12286, 
12310, 
0, 
12324, 
12326, 
12354, 
12364, 
12378, 
12383, 
12385, 
12392, 
12394, 
12396, 
12398, 
12400, 
12402, 
12407, 
12408, 
12409, 
12432, 
12437, 
12441, 
12461, 
12468, 
12469, 
12472, 
12473, 
12855, 
12491, 
12501, 
12504, 
12505, 
12523, 
12525, 
12527, 
12529, 
12531, 
12533, 
12535, 
12537, 
12539, 
12541, 
12545, 
12546, 
12552, 
12553, 
12556, 
0, 
12578, 
12580, 
12598, 
12609, 
12627, 
12631, 
12645, 
12647, 
12649, 
12653, 
12655, 
12657, 
12659, 
12661, 
12677, 
12679, 
12684, 
12686, 
12691, 
12692, 
12696, 
12713, 
12729, 
12731, 
12732, 
12734, 
12735, 
12988, 
12742, 
12744, 
12746, 
12748, 
12749, 
12750, 
12755, 
12757, 
12761, 
12764, 
12766, 
12769, 
12771, 
12775, 
12778, 
12782, 
12784, 
12786, 
12788, 
12790, 
12792, 
12794, 
12796, 
12798, 
12800, 
12802, 
12804, 
12806, 
12807, 
12858, 
12869, 
12871, 
12874, 
12880, 
12884, 
12886, 
12888, 
12892, 
12894, 
12896, 
12898, 
12900, 
12902, 
12904, 
12905, 
12916, 
12918, 
12929, 
12930, 
12931, 
12937, 
12939, 
12941, 
12942, 
12944, 
0, 
12969, 
12973, 
12975, 
12977, 
12979, 
12981, 
12992, 
12998, 
0, 
13007, 
13008, 
13009, 
13011, 
13018, 
13020, 
13022, 
13024, 
13031, 
13076, 
13080, 
13081, 
13084, 
0, 
13114, 
13117, 
13120, 
13122, 
13124, 
13126, 
13128, 
13130, 
13134, 
13136, 
13141, 
13142, 
13144, 
13145, 
13147, 
13149, 
13153, 
13163, 
13166, 
13179, 
13189, 
13191, 
13195, 
13198, 
13200, 
13202, 
13204, 
13213, 
13219, 
13221, 
13222, 
13223, 
13224, 
13226, 
13228, 
13229, 
13242, 
13246, 
13248, 
13253, 
13254, 
13256, 
13257, 
13258, 
13261, 
13262, 
13263, 
13264, 
13270, 
13277, 
13286, 
13304, 
0, 
13337, 
13342, 
13344, 
13346, 
13348, 
13350, 
13352, 
13356, 
13358, 
13362, 
13366, 
13378, 
13385, 
13400, 
13411, 
13423, 
13425, 
13427, 
13429, 
13431, 
13433, 
13435, 
13437, 
13439, 
13443, 
13476, 
13486, 
13492, 
13495, 
13497, 
13510, 
13518, 
13520, 
13523, 
13524, 
13525, 
13528, 
13536, 
13541, 
13547, 
13549, 
13551, 
13553, 
13555, 
13576, 
13579, 
13581, 
13583, 
13585, 
13587, 
13589, 
13590, 
13592, 
13593, 
13632, 
13638, 
13641, 
13645, 
13646, 
13650, 
13652, 
13654, 
13657, 
13664, 
13666, 
13668, 
13670, 
13672, 
13674, 
13676, 
13678, 
13680, 
13682, 
13687, 
13696, 
13697, 
13699, 
13716, 
13720, 
13732, 
13735, 
13767, 
13768, 
13769, 
13773, 
13771, 
13772, 
13775, 
13777, 
13781, 
13783, 
13785, 
13787, 
13791, 
13793, 
13795, 
13797, 
13803, 
13805, 
13808, 
13810, 
13812, 
13813, 
13819, 
13823, 
13827, 
13835, 
13837, 
13840, 
13872, 
13876, 
13880, 
13886, 
13891, 
13892, 
13894, 
13896, 
13898, 
13900, 
13902, 
13904, 
13906, 
13908, 
13910, 
13914, 
13926, 
0, 
13951, 
13955, 
13958, 
13962, 
13964, 
13966, 
13974, 
13976, 
13978, 
13981, 
13999, 
14001, 
14003, 
14005, 
14009, 
14011, 
14015, 
14017, 
14035, 
14037, 
14041, 
14051, 
14053, 
14065, 
14068, 
14069, 
14073, 
14090, 
14091, 
14094, 
14096, 
14098, 
14100, 
14102, 
14104, 
14106, 
14108, 
14110, 
14115, 
14118, 
14122, 
14123, 
14128, 
14130, 
14148, 
14150, 
14152, 
14156, 
14178, 
14180, 
14181, 
14183, 
14188, 
14190, 
14199, 
14200, 
14202, 
14204, 
14206, 
14219, 
14224, 
14230, 
14235, 
14237, 
14240, 
14241, 
14242, 
14248, 
14250, 
14252, 
14253, 
14262, 
14269, 
14274, 
14295, 
14300, 
14302, 
14321, 
14323, 
14325, 
14327, 
14329, 
14331, 
14333, 
14335, 
14337, 
14339, 
14351, 
14356, 
14357, 
14361, 
14363, 
14372, 
14373, 
14376, 
14378, 
14380, 
14383, 
14384, 
14386, 
14387, 
14388, 
14398, 
14401, 
14424, 
14428, 
14430, 
14432, 
14434, 
14436, 
14438, 
14441, 
14443, 
14445, 
14447, 
14459, 
14468, 
14469, 
14470, 
14480, 
14489, 
14493, 
0, 
14499, 
14502, 
14561, 
14566, 
14572, 
14574, 
14587, 
14592, 
14595, 
14604, 
14606, 
14611, 
14613, 
14615, 
14617, 
14619, 
14621, 
14625, 
14631, 
14638, 
14679, 
14682, 
14683, 
14685, 
14695, 
14703, 
14717, 
14715, 
14725, 
0, 
14740, 
14750, 
14758, 
14771, 
14773, 
14775, 
14777, 
14783, 
14785, 
14787, 
14793, 
14799, 
14805, 
14809, 
14812, 
14816, 
14817, 
14819, 
14840, 
14846, 
14847, 
14855, 
14861, 
14873, 
14874, 
14878, 
14881, 
14885, 
14887, 
14891, 
14893, 
14903, 
14905, 
0, 
14910, 
14912, 
14927, 
14930, 
14933, 
14936, 
14951, 
14956, 
14957, 
14964, 
14967, 
14968, 
14971, 
14979, 
14984, 
14987, 
14993, 
14998, 
15003, 
15005, 
15008, 
15009, 
15013, 
15016, 
15040, 
0, 
15074, 
15076, 
0, 
15084, 
15092, 
15096, 
15098, 
15102, 
15104, 
15106, 
15108, 
15110, 
15112, 
15117, 
15125, 
15129, 
15135, 
15137, 
15140, 
15147, 
15154, 
15163, 
15167, 
15171, 
15177, 
15179, 
15181, 
15183, 
15185, 
15188, 
15219, 
15223, 
15224, 
0, 
15252, 
15254, 
437, 
24, 
4778, 
4821, 
0, 
3569, 
5424, 
5374, 
5378, 
0, 
4978, 
459, 
551, 
4560, 
593, 
778, 
5336, 
5333, 
767, 
782, 
4559, 
797, 
4822, 
830, 
854, 
860, 
898, 
925, 
969, 
4993, 
1054, 
1069, 
1072, 
4810, 
5232, 
5236, 
5229, 
0, 
4731, 
4601, 
1184, 
0, 
5172, 
0, 
1472, 
1508, 
5288, 
5291, 
5273, 
0, 
4888, 
4889, 
4781, 
4782, 
1630, 
1648, 
1652, 
4949, 
4950, 
4951, 
0, 
4953, 
4955, 
5109, 
5110, 
5130, 
1807, 
1731, 
1748, 
5151, 
1811, 
3832, 
3749, 
5100, 
5102, 
1849, 
5082, 
5081, 
5065, 
1912, 
4796, 
4901, 
4903, 
4904, 
4905, 
4906, 
4907, 
4910, 
5040, 
5028, 
5029, 
5034, 
5024, 
5027, 
5003, 
5043, 
4998, 
4999, 
5000, 
5001, 
4913, 
4960, 
1985, 
4921, 
4923, 
2018, 
2024, 
2026, 
4892, 
4894, 
4895, 
4896, 
4791, 
4792, 
4793, 
4794, 
2143, 
2145, 
2147, 
2170, 
2252, 
2280, 
2284, 
2289, 
2989, 
3071, 
4020, 
2941, 
0, 
0, 
3616, 
3099, 
3086, 
3999, 
2471, 
2477, 
2479, 
2503, 
2505, 
2510, 
4003, 
3282, 
2647, 
3596, 
2663, 
4006, 
2669, 
2703, 
2708, 
2710, 
2712, 
2714, 
2718, 
2754, 
2796, 
2800, 
5346, 
5348, 
5167, 
3035, 
3049, 
3065, 
3426, 
3461, 
3463, 
3491, 
3474, 
3473, 
3502, 
3503, 
0, 
3507, 
3508, 
3511, 
3656, 
0, 
3643, 
3635, 
3637, 
3661, 
3699, 
3702, 
3703, 
3704, 
3707, 
3731, 
3844, 
3857, 
3873, 
3880, 
3904, 
3923, 
3955, 
3925, 
3928, 
3945, 
3953, 
3961, 
3963, 
3964, 
3965, 
3966, 
3967, 
3968, 
3972, 
0, 
0, 
3987, 
4021, 
4022, 
4023, 
4025, 
4033, 
4040, 
4045, 
4046, 
4047, 
4048, 
4049, 
4050, 
4052, 
4054, 
4071, 
4072, 
4073, 
4074, 
4075, 
4126, 
4128, 
4130, 
4132, 
4135, 
4135, 
4137, 
4138, 
4139, 
4141, 
4145, 
4148, 
4149, 
4187, 
4188, 
4189, 
4191, 
4194, 
15196, 
6427, 
4251, 
4256, 
4257, 
4259, 
4303, 
4309, 
4314, 
4317, 
4318, 
4319, 
4320, 
4322, 
4324, 
4374, 
4389, 
4396, 
4402, 
4405, 
4407, 
4408, 
4409, 
4410, 
4411, 
4413, 
4415, 
0, 
4418, 
4419, 
4434, 
4435, 
4485, 
4472, 
4473, 
4474, 
4479, 
4507, 
4510, 
4511, 
4512, 
4513, 
4514, 
4515, 
4540, 
4546, 
4547, 
4549, 
4550, 
4552, 
4638, 
4586, 
4611, 
4615, 
4618, 
4621, 
4639, 
4640, 
4642, 
4643, 
4644, 
4684, 
4647, 
4671, 
4675, 
4676, 
4890, 
4774, 
4744, 
4746, 
4747, 
4748, 
4749, 
4771, 
4773, 
4806, 
4814, 
4815, 
4818, 
4845, 
5602, 
5611, 
5858, 
5859, 
5887, 
5891, 
5893, 
5915, 
5916, 
5921, 
5928, 
5929, 
5949, 
5954, 
5960, 
5985, 
5994, 
6017, 
6020, 
6046, 
6057, 
6059, 
6065, 
6089, 
6182, 
6118, 
6123, 
6124, 
6146, 
6150, 
6180, 
6181, 
6201, 
6212, 
6234, 
6241, 
6242, 
6266, 
6267, 
6270, 
6294, 
6296, 
6300, 
6307, 
6308, 
6309, 
6310, 
6311, 
6336, 
6339, 
6344, 
6346, 
6347, 
6352, 
6359, 
6361, 
6374, 
6381, 
6406, 
6407, 
6410, 
6411, 
6415, 
6417, 
6419, 
6442, 
6449, 
6472, 
6493, 
6495, 
6497, 
6498, 
6500, 
6501, 
6502, 
6517, 
6539, 
6540, 
6541, 
6542, 
6543, 
6546, 
0, 
0, 
0, 
0, 
0, 
6613, 
6614, 
6615, 
6616, 
6618, 
0, 
0, 
0, 
6649, 
6656, 
6682, 
6683, 
0, 
6699, 
6703, 
6705, 
6708, 
6711, 
6715, 
6721, 
0, 
0, 
6801, 
6806, 
6825, 
0, 
0, 
8550, 
8551, 
0, 
6856, 
6863, 
6864, 
6865, 
0, 
6894, 
6895, 
6896, 
0, 
6904, 
0, 
6919, 
6921, 
6924, 
6927, 
0, 
0, 
6961, 
0, 
6974, 
6975, 
6976, 
6978, 
6980, 
6981, 
0, 
0, 
0, 
7023, 
7026, 
7027, 
7050, 
7054, 
7055, 
7056, 
7058, 
0, 
0, 
7088, 
0, 
7120, 
7123, 
7124, 
7139, 
7143, 
7144, 
7147, 
0, 
0, 
7182, 
7191, 
7198, 
7238, 
7240, 
7246, 
7247, 
0, 
0, 
0, 
0, 
0, 
0, 
0, 
0, 
7373, 
7377, 
7382, 
7383, 
7384, 
7387, 
7390, 
7391, 
0, 
0, 
8419, 
0, 
7438, 
7454, 
0, 
0, 
7498, 
7501, 
7506, 
7508, 
7511, 
7512, 
7517, 
7519, 
0, 
0, 
7563, 
7568, 
7569, 
7575, 
7578, 
7579, 
7580, 
7586, 
7588, 
0, 
0, 
0, 
8401, 
7630, 
7631, 
7652, 
7654, 
7655, 
7656, 
7657, 
7668, 
7671, 
7673, 
0, 
7683, 
7684, 
7703, 
7709, 
7710, 
7717, 
7719, 
7721, 
7732, 
7734, 
7749, 
7750, 
7760, 
0, 
0, 
0, 
0, 
0, 
0, 
0, 
0, 
0, 
0, 
7860, 
7861, 
7864, 
7870, 
7873, 
7878, 
7900, 
7902, 
7903, 
7905, 
7911, 
7912, 
7915, 
7916, 
7917, 
7919, 
7938, 
7939, 
7940, 
7943, 
7945, 
7946, 
7948, 
7949, 
7953, 
7975, 
7983, 
7987, 
7989, 
7991, 
0, 
0, 
0, 
0, 
0, 
0, 
0, 
0, 
0, 
0, 
0, 
8091, 
8093, 
8095, 
8096, 
8097, 
8098, 
8099, 
8102, 
8103, 
8104, 
8105, 
8109, 
8112, 
8113, 
8114, 
8116, 
8122, 
8128, 
8165, 
8185, 
8186, 
8187, 
8189, 
8191, 
8194, 
8195, 
8198, 
0, 
8212, 
0, 
0, 
0, 
0, 
0, 
8251, 
8253, 
8262, 
8264, 
8269, 
8282, 
8287, 
8288, 
8296, 
8298, 
8301, 
8303, 
8305, 
0, 
0, 
8316, 
0, 
0, 
8331, 
8334, 
8335, 
8337, 
8339, 
8342, 
8343, 
8348, 
8352, 
8353, 
8354, 
8356, 
8357, 
8360, 
0, 
0, 
0, 
0, 
0, 
8405, 
8407, 
8410, 
8413, 
8414, 
8420, 
8421, 
8447, 
8452, 
8454, 
8455, 
8474, 
8478, 
8479, 
8482, 
8483, 
8487, 
8488, 
8489, 
8491, 
8492, 
8493, 
0, 
0, 
0, 
8518, 
8525, 
8526, 
8527, 
8530, 
8537, 
8538, 
8543, 
8553, 
8557, 
8574, 
8583, 
8586, 
8587, 
8588, 
8589, 
8595, 
8597, 
0, 
0, 
0, 
0, 
0, 
8629, 
8630, 
8634, 
0, 
0, 
8648, 
8652, 
8655, 
8660, 
8664, 
8666, 
8667, 
8668, 
8673, 
8675, 
8693, 
8709, 
8711, 
8712, 
8713, 
0, 
8719, 
0, 
0, 
0, 
0, 
0, 
0, 
0, 
0, 
0, 
0, 
0, 
0, 
0, 
8793, 
8796, 
8799, 
8802, 
8806, 
8807, 
8825, 
8826, 
8830, 
8831, 
8834, 
8853, 
8881, 
8885, 
8886, 
8888, 
8889, 
8895, 
8898, 
8903, 
8911, 
8915, 
8920, 
8924, 
8925, 
8934, 
8940, 
8941, 
8943, 
8944, 
8946, 
8947, 
8953, 
0, 
0, 
0, 
0, 
0, 
0, 
0, 
0, 
0, 
0, 
0, 
0, 
9063, 
9064, 
9071, 
9082, 
9083, 
9084, 
9115, 
9118, 
9119, 
9125, 
9127, 
9129, 
9131, 
9405, 
9410, 
9412, 
9413, 
0, 
9438, 
9439, 
9455, 
9456, 
9463, 
9475, 
9487, 
9501, 
9502, 
9503, 
9504, 
9512, 
9540, 
9541, 
9543, 
9559, 
9560, 
9567, 
9569, 
9570, 
9572, 
9573, 
9574, 
9586, 
9596, 
9598, 
9602, 
9627, 
9630, 
9632, 
9643, 
9649, 
0, 
0, 
0, 
0, 
0, 
0, 
0, 
9718, 
9723, 
9724, 
9732, 
9739, 
9741, 
9745, 
9746, 
9747, 
9748, 
9754, 
9755, 
9756, 
9854, 
9857, 
9858, 
9860, 
9861, 
9862, 
9863, 
9896, 
9897, 
9910, 
9914, 
9919, 
9923, 
9924, 
9925, 
9926, 
9927, 
9928, 
9930, 
0, 
9942, 
9952, 
9954, 
9957, 
9963, 
9973, 
9986, 
9996, 
9997, 
9998, 
9999, 
10000, 
10002, 
10005, 
10006, 
10012, 
10013, 
10017, 
10018, 
10038, 
10040, 
10041, 
10042, 
10043, 
10044, 
10045, 
10046, 
10059, 
10060, 
0, 
0, 
0, 
0, 
0, 
0, 
0, 
0, 
0, 
0, 
0, 
0, 
0, 
10141, 
10143, 
10144, 
10159, 
0, 
0, 
0, 
10170, 
10178, 
10179, 
10184, 
10185, 
10189, 
10190, 
10192, 
10195, 
10196, 
10210, 
10229, 
10231, 
10233, 
10235, 
10239, 
10240, 
0, 
0, 
0, 
10263, 
10264, 
10268, 
10269, 
10277, 
10278, 
10286, 
10287, 
10313, 
10326, 
0, 
10328, 
0, 
10330, 
10331, 
10347, 
10349, 
10358, 
10359, 
0, 
10371, 
10372, 
10373, 
10378, 
10379, 
10381, 
10382, 
10392, 
0, 
10422, 
10423, 
10424, 
10426, 
0, 
10441, 
10442, 
0, 
0, 
10485, 
10490, 
10491, 
10492, 
10493, 
10514, 
10517, 
10519, 
10520, 
10526, 
10527, 
10529, 
10534, 
10545, 
10548, 
10552, 
10553, 
10559, 
10578, 
10608, 
10609, 
10610, 
10611, 
10612, 
10613, 
10614, 
10619, 
10622, 
10625, 
10628, 
10629, 
10631, 
10632, 
10633, 
10635, 
10636, 
10638, 
10639, 
10640, 
0, 
0, 
0, 
0, 
0, 
0, 
0, 
0, 
0, 
10675, 
0, 
0, 
0, 
0, 
0, 
0, 
10838, 
10839, 
10840, 
0, 
10862, 
10867, 
10868, 
10869, 
10883, 
10884, 
10901, 
0, 
10915, 
0, 
0, 
0, 
0, 
0, 
0, 
10971, 
10978, 
10988, 
10990, 
10991, 
10992, 
10993, 
10994, 
0, 
11025, 
11048, 
11049, 
11054, 
11055, 
11057, 
11059, 
11061, 
11065, 
11067, 
11069, 
11070, 
11071, 
11073, 
0, 
11108, 
11109, 
11110, 
11111, 
0, 
0, 
0, 
0, 
11130, 
11131, 
11132, 
11135, 
11173, 
11181, 
11192, 
11198, 
0, 
0, 
0, 
0, 
0, 
0, 
0, 
0, 
0, 
0, 
0, 
11259, 
0, 
0, 
0, 
0, 
0, 
11297, 
11299, 
11300, 
0, 
0, 
11318, 
11337, 
11338, 
11356, 
0, 
0, 
0, 
11376, 
11377, 
11378, 
11379, 
0, 
11408, 
11409, 
11410, 
11413, 
11414, 
0, 
0, 
11439, 
0, 
0, 
0, 
0, 
0, 
11487, 
0, 
11489, 
0, 
0, 
0, 
11502, 
0, 
0, 
0, 
11514, 
11515, 
11520, 
11527, 
11528, 
0, 
11545, 
0, 
0, 
11581, 
11606, 
0, 
0, 
0, 
0, 
0, 
11635, 
11646, 
11650, 
11651, 
11652, 
11661, 
11662, 
11664, 
0, 
0, 
0, 
0, 
11677, 
11683, 
11684, 
11685, 
11686, 
11687, 
11690, 
11691, 
11692, 
11693, 
0, 
12423, 
0, 
0, 
0, 
11734, 
11735, 
11736, 
11739, 
11776, 
11778, 
0, 
0, 
11796, 
11799, 
0, 
0, 
0, 
0, 
11828, 
11829, 
11830, 
11831, 
11834, 
11835, 
0, 
0, 
11851, 
11852, 
0, 
0, 
11871, 
11872, 
11876, 
11878, 
0, 
0, 
0, 
0, 
0, 
0, 
0, 
11911, 
11915, 
11919, 
11920, 
0, 
0, 
0, 
0, 
0, 
0, 
0, 
0, 
0, 
0, 
0, 
0, 
0, 
0, 
0, 
0, 
0, 
12051, 
12055, 
12056, 
12058, 
0, 
0, 
0, 
0, 
0, 
12077, 
0, 
12080, 
0, 
0, 
0, 
0, 
0, 
0, 
0, 
0, 
0, 
0, 
0, 
0, 
0, 
0, 
0, 
12130, 
12131, 
12133, 
12136, 
0, 
0, 
0, 
12147, 
12150, 
12154, 
12155, 
12157, 
12159, 
0, 
0, 
0, 
12226, 
0, 
0, 
0, 
0, 
0, 
12258, 
0, 
12265, 
12266, 
12268, 
0, 
12277, 
12279, 
12280, 
12281, 
0, 
0, 
0, 
12346, 
12347, 
12348, 
12353, 
12359, 
12361, 
12362, 
12363, 
12365, 
12366, 
12367, 
0, 
0, 
0, 
12404, 
12406, 
0, 
0, 
12429, 
12430, 
12431, 
12439, 
12440, 
12442, 
0, 
0, 
12464, 
12465, 
12470, 
12471, 
0, 
0, 
0, 
0, 
12932, 
12489, 
0, 
0, 
0, 
0, 
12502, 
12503, 
12506, 
12507, 
12508, 
12548, 
0, 
12554, 
12555, 
0, 
0, 
12566, 
0, 
0, 
0, 
12581, 
12582, 
12583, 
12584, 
12585, 
12629, 
12630, 
12632, 
0, 
0, 
0, 
0, 
12651, 
12663, 
12678, 
0, 
12685, 
12687, 
12688, 
12689, 
12690, 
0, 
0, 
0, 
12703, 
0, 
0, 
0, 
0, 
0, 
0, 
0, 
12733, 
12751, 
12752, 
12753, 
12754, 
12756, 
12758, 
12759, 
12760, 
12762, 
12763, 
12768, 
0, 
12780, 
12805, 
12808, 
0, 
0, 
12857, 
12860, 
0, 
0, 
0, 
12872, 
12873, 
12876, 
0, 
12890, 
12914, 
12915, 
0, 
0, 
0, 
12928, 
12934, 
12936, 
12938, 
12940, 
0, 
12958, 
0, 
0, 
12966, 
0, 
12971, 
12990, 
12991, 
12993, 
0, 
0, 
13006, 
0, 
0, 
13023, 
0, 
0, 
13030, 
13033, 
13034, 
13035, 
13036, 
0, 
13078, 
13079, 
13082, 
13083, 
13085, 
0, 
13098, 
0, 
0, 
0, 
13132, 
13139, 
13140, 
13146, 
13148, 
13151, 
13155, 
0, 
0, 
13162, 
13165, 
0, 
0, 
0, 
0, 
13215, 
13216, 
13217, 
13218, 
13227, 
13243, 
13251, 
13252, 
13255, 
13260, 
0, 
0, 
0, 
13274, 
13275, 
13276, 
13278, 
13279, 
13280, 
13281, 
0, 
13288, 
0, 
0, 
13339, 
13340, 
13341, 
13359, 
0, 
13364, 
13365, 
13367, 
13372, 
13373, 
13374, 
13375, 
13376, 
13377, 
0, 
0, 
13398, 
13402, 
13408, 
0, 
13414, 
13415, 
13416, 
13417, 
0, 
13441, 
13445, 
13446, 
13447, 
13478, 
13479, 
13480, 
0, 
0, 
13489, 
13490, 
13491, 
13493, 
13494, 
13496, 
0, 
0, 
0, 
13515, 
13521, 
13522, 
0, 
0, 
0, 
13538, 
13539, 
13540, 
13542, 
13543, 
0, 
13546, 
0, 
13578, 
13580, 
13588, 
13591, 
0, 
0, 
0, 
0, 
13640, 
13642, 
13643, 
13644, 
0, 
13655, 
13656, 
13658, 
13659, 
13660, 
13681, 
13684, 
0, 
0, 
13691, 
13695, 
13698, 
0, 
0, 
0, 
0, 
13718, 
13719, 
13733, 
13738, 
13765, 
13766, 
13770, 
0, 
13789, 
0, 
0, 
13806, 
13807, 
0, 
0, 
13830, 
13831, 
13832, 
13833, 
13834, 
13836, 
13838, 
13839, 
13842, 
0, 
0, 
13874, 
13875, 
0, 
0, 
13888, 
13889, 
13890, 
13912, 
13913, 
0, 
0, 
13923, 
13925, 
13927, 
13928, 
0, 
13944, 
13946, 
13947, 
13954, 
13956, 
13957, 
0, 
13965, 
13968, 
13969, 
0, 
0, 
13975, 
13977, 
13979, 
13980, 
14007, 
14013, 
0, 
0, 
14023, 
14038, 
14040, 
14042, 
0, 
0, 
0, 
14054, 
14056, 
14067, 
0, 
14075, 
14076, 
14077, 
14078, 
14081, 
14082, 
0, 
0, 
14092, 
14112, 
14113, 
14117, 
0, 
0, 
14129, 
14147, 
14149, 
14151, 
14153, 
14154, 
0, 
14172, 
0, 
14182, 
14184, 
0, 
14186, 
14197, 
14198, 
0, 
0, 
0, 
14234, 
14236, 
14238, 
14239, 
0, 
0, 
14254, 
14255, 
14256, 
0, 
14260, 
0, 
0, 
14268, 
0, 
0, 
14296, 
14297, 
14299, 
14301, 
0, 
0, 
14314, 
14318, 
14319, 
14320, 
14341, 
14342, 
0, 
0, 
0, 
14350, 
14353, 
14354, 
14355, 
14359, 
0, 
0, 
0, 
14371, 
14374, 
14381, 
0, 
14402, 
14403, 
0, 
0, 
14408, 
0, 
14418, 
14419, 
14420, 
14421, 
14422, 
14423, 
14426, 
0, 
0, 
14477, 
0, 
0, 
0, 
14488, 
14492, 
0, 
0, 
0, 
0, 
0, 
14568, 
14569, 
14570, 
14571, 
14573, 
14575, 
14576, 
14577, 
14589, 
14590, 
14591, 
14597, 
14603, 
14605, 
14623, 
0, 
0, 
14675, 
14677, 
14678, 
14680, 
14684, 
0, 
0, 
0, 
14716, 
14718, 
0, 
14729, 
0, 
14739, 
14744, 
14749, 
0, 
14760, 
14761, 
14762, 
14763, 
0, 
14789, 
14790, 
0, 
14795, 
14796, 
0, 
14801, 
0, 
14804, 
14811, 
14814, 
14815, 
14818, 
0, 
0, 
14842, 
14844, 
14845, 
0, 
0, 
14859, 
0, 
14865, 
0, 
14869, 
14870, 
14871, 
14872, 
14880, 
14889, 
0, 
14898, 
0, 
14909, 
14913, 
0, 
14931, 
14932, 
14934, 
14935, 
14937, 
0, 
14953, 
14954, 
14955, 
0, 
14960, 
0, 
14966, 
0, 
0, 
0, 
14981, 
14982, 
14983, 
0, 
0, 
0, 
15006, 
15010, 
15014, 
15037, 
15038, 
15044, 
15045, 
0, 
15053, 
0, 
0, 
0, 
15086, 
15093, 
15094, 
15095, 
15100, 
0, 
0, 
15121, 
0, 
0, 
15131, 
15132, 
15133, 
15134, 
15136, 
0, 
0, 
0, 
15153, 
15157, 
15158, 
0, 
0, 
15168, 
0, 
15173, 
15174, 
0, 
15187, 
0, 
15199, 
15220, 
15222, 
15225, 
15226, 
